bound: 1100 1000
start: 1050 100 1.51
goal: 200 950 0
ob_type: box
scale: 1
goal_radius: 100
obstacles:
-40 -40 0 1040
-40 -40 1140 0
-40 1040 1140 1000
1140 -40 1100 1040
287.5 1040 887.5 887.5
-40 762.5 87.5 862.5
712.5 587.5 812.5 687.5
# 712.5 787.5 812.5 887.5
437.5 587.5 537.5 687.5
487.5 487.5 587.5 587.5
387.5 487.5 487.5 587.5
-40 437.5 87.5 537.5
812.5 162.5 912.5 262.5
537.5 237.5 637.5 337.5
212.5 287.5 312.5 387.5
-40 162.5 87.5 262.5
912.5 -40 1100 87.5
387.5 -40 487.5 87.5
112.5 -40 212.5 87.5